1 175024581
1 175067265
1 175175982
2 175184516
2 175194101
2 175164674
3 175026149
3 175168778
3 175039976
3 175163831
3 175177646
4 175035837
4 175192817
4 175194514
4 175026274
5 175019433
5 175021141
6 175036048
6 175123182
6 175159560
6 175052041
6 175175018
6 175002109
6 175081882
7 175019668
7 175006887
7 175103143
8 175106355
8 175175376
8 175127984
8 175002670
9 175193368
9 175164347
10 175178278
10 175080596
10 175031941
10 175169069
11 175166721
11 175136264
11 175112967
12 175069934
12 175183096
12 175059447
12 175046733
12 175118120
12 175087847
12 175198958
13 175055644
13 175175528
13 175136465
13 175017293
14 175141829
14 175014954
14 175027557
14 175168510
15 175033751
15 175164113
16 175034328
16 175073608
16 175075617
17 175070431
17 175097254
18 175075203
18 175075930
18 175121004
19 175071365
19 175117269
19 175034315
20 175027381
21 175026300
21 175127370
21 175152410
22 175004852
22 175175710
22 175125680
22 175172323
22 175046833
23 175066633
23 175072093
23 175050907
23 175163796
23 175034210
24 175179592
24 175033293
24 175038650
24 175086272
25 175031219
25 175105621
25 175196777
26 175005349
26 175103671
26 175129473
27 175171696
27 175057077
27 175000049
27 175057170
27 175051981
27 175037737
28 175049801
28 175156675
28 175173779
28 175192035
28 175123926
28 175008923
28 175065613
29 175028134
29 175022805
29 175090217
29 175086165
30 175138810
30 175173733
30 175135390
31 175180671
31 175027299
31 175017272
31 175144172
31 175186144
32 175018074
32 175007279
32 175061523
33 175143360
34 175178176
34 175105040
34 175135318
35 175075942
35 175115150
35 175049433
35 175156835
36 175189456
36 175167026
36 175028369
37 175012874
37 175072790
38 175098045
38 175052147
38 175176310
39 175017955
39 175109568
40 175075437
40 175174362
40 175138523
40 175146910
41 175081641
41 175173007
41 175186928
42 175060207
43 175005301
43 175137631
43 175030059
44 175149161
44 175192104
44 175038540
45 175029011
45 175056851
45 175035598
46 175185859
46 175175878
46 175055194
47 175081271
47 175116589
47 175194876
47 175042005
47 175128924
48 175025772
48 175095398
48 175120890
48 175058307
48 175101456
48 175138960
48 175176200
48 175178471
48 175088878
48 175170328
49 175100888
49 175135140
50 175035146
50 175147302
50 175074261
50 175113568
51 175171878
51 175197448
52 175120078
52 175048949
52 175178714
52 175016577
52 175045191
52 175067899
52 175166097
52 175183341
52 175122374
53 175190456
53 175076120
53 175120497
54 175190326
54 175168049
54 175096503
54 175077909
55 175139852
55 175184883
55 175164362
56 175010453
56 175193850
57 175184288
57 175113936
57 175027966
57 175170020
58 175115804
58 175171366
59 175097605
59 175133191
59 175139475
59 175111640
59 175056360
59 175173344
60 175079563
60 175101390
60 175189528
61 175112217
62 175041576
63 175121424
63 175017366
63 175027594
64 175142530
64 175193868
64 175138420
65 175050093
65 175121701
65 175033513
66 175040613
67 175040374
68 175007009
68 175153219
68 175149250
68 175023442
69 175007245
69 175030636
69 175084940
70 175057655
70 175102687
70 175072162
70 175134557
70 175171315
70 175053766
70 175088869
70 175194262
70 175194467
70 175196165
70 175031781
71 175004189
71 175072076
71 175035756
71 175189692
72 175129393
72 175115014
73 175040478
73 175173337
74 175059044
74 175118976
74 175142473
74 175155676
75 175158907
75 175091089
75 175149513
75 175184079
76 175033574
76 175176370
77 175031346
77 175183342
77 175024067
77 175147025
77 175065694
77 175183087
77 175160977
77 175042933
77 175136235
77 175154525
78 175137019
78 175068114
78 175123746
79 175073527
79 175116047
79 175166425
80 175159737
80 175100388
80 175115028
81 175137334
81 175189225
81 175063106
81 175172798
82 175023652
82 175185150
82 175030024
82 175084304
83 175044348
83 175140212
83 175016296
84 175145032
84 175018898
84 175112443
85 175154273
86 175143216
86 175017148
86 175008016
86 175065826
87 175102519
87 175052952
87 175196485
88 175164318
88 175183207
89 175013206
89 175172810
89 175187121
89 175191277
90 175011447
90 175148882
91 175177175
91 175042323
91 175139452
91 175086004
92 175198255
93 175060433
93 175116262
93 175131375
94 175013848
94 175131613
95 175047991
95 175132536
95 175155417
95 175187534
96 175049956
96 175158974
96 175170681
96 175011104
97 175136138
97 175034189
97 175135555
98 175113179
98 175134743
98 175062179
98 175034331
99 175171393
100 175195900
101 175122137
101 175051387
101 175122760
101 175160044
102 175034407
103 175013017
103 175040482
104 175175886
104 175066954
105 175026877
105 175172984
105 175164672
105 175166172
106 175146944
106 175024788
106 175011033
106 175138736
107 175007498
107 175165294
107 175017417
107 175158500
108 175028624
108 175169520
109 175146420
110 175191516
110 175184999
110 175104021
111 175126705
111 175004979
111 175044880
112 175036639
112 175180454
113 175102029
113 175098376
113 175117624
113 175148347
113 175058938
114 175155055
114 175104217
114 175036922
115 175050993
115 175078725
116 175179779
116 175133401
116 175198056
116 175187573
116 175069493
116 175111293
116 175144296
116 175056011
116 175079928
117 175120573
117 175177842
117 175139713
118 175064869
118 175037999
119 175101098
119 175164373
120 175073917
120 175018429
120 175073872
120 175130695
120 175017242
120 175068002
120 175026406
121 175124483
121 175178302
121 175181928
121 175163806
122 175038862
122 175109404
123 175102331
123 175101218
123 175086310
123 175199271
123 175087048
124 175022139
124 175039894
124 175083710
125 175139779
125 175091380
125 175114906
125 175010879
126 175004909
127 175059516
128 175062775
128 175068869
129 174012668
130 175189289
130 175032302
130 175057637
130 175170887
131 175171125
131 175001594
131 175152472
131 175093880
131 175056774
131 175143193
132 175102307
132 175023609
132 175197006
132 175102956
133 175146546
133 175168146
133 175017030
134 175081051
134 175016624
134 175051705
134 175166022
135 175143977
136 174056100
137 174131708
138 174196361
139 175081828
139 175059688
139 175072340
140 175058089
140 175038723
140 175134980
140 175193891
140 175085594
140 175193836
140 175168483
140 175069258
140 175054859
141 175000697
141 175073308
141 175158315
141 175176786
141 175184698
141 175194880
142 175146338
142 175118883
143 175017416
143 175056948
143 175161889
144 175120076
144 175121926
144 175075565
145 175182335
145 175061692
145 175028761
145 175170205
146 175152041
146 175025246
146 175137943
146 175014693
146 175005439
146 175059514
147 175180466
147 175036829
147 175181113
147 175150097
148 175105898
148 175141536
149 175138579
149 175124354
149 175118225
150 175027300
150 175149982
150 175023981
150 175091099
150 175177586
151 175036087
151 175060601
151 175050268
152 175061641
152 175145755
152 175064876
152 175067077
152 175151553
152 175131661
152 175070441
153 175095428
153 175094390
153 175003079
153 175020339
154 175081998
154 175033344
155 175049196
155 175083464
155 175123925
155 175161078
155 175198865
156 175187996
156 175017003
156 175131574
156 175009236
157 175035086
157 175095054
158 175117585
158 175101226
158 175194093
159 175002905
159 175167663
160 175000540
160 175119534
160 175148574
161 175185219
161 175094876
161 175048224
162 175140748
162 175155049
162 175112637
162 175101266
163 175179692
163 175126546
163 175198516
163 175023710
164 175010833
164 175016448
164 175064269
164 175066345
165 175067872
165 175146714
166 175065356
167 175056715
167 175170759
167 175118138
168 175085240
168 175086336
168 175050998
168 175017370
168 175102064
169 175036271
169 175175278
169 175050021
169 175139487
169 175162497
169 175136259
169 175007563
169 175158176
169 175163194
169 175164934
170 175026476
170 175099642
170 175198909
171 175124860
172 175030271
173 175001216
173 175152683
173 175061232
173 175019741
173 175065699
173 175169490
173 175050306
173 175151121
174 175071470
174 175173534
174 175151532
175 175094233
175 175132080
175 175152136
175 175155452
176 175113751
176 175054326
176 175183330
176 175025800
177 175115505
178 175132914
178 175070177
178 175049277
179 175144180
179 175071884
180 175018693
180 175024404
180 175087564
181 175084079
181 175147546
181 175151758
181 175190894
182 175156930
182 175029674
182 175116974
182 175075656
183 175121518
184 175101462
184 175018160
184 175106126
185 175143399
185 175176172
186 175031469
186 175175614
186 175158522
186 175124310
187 175043552
187 175178616
187 175166031
188 175085991
189 175031182
189 175087751
189 175046996
190 175108158
190 175192739
190 175149937
190 175081382
191 175024773
191 175000867
191 175067510
192 175109219
193 175084351
193 175131955
193 175009091
194 175156965
194 175052716
195 175169530
195 175087871
195 175155837
195 175059841
195 175175850
195 175030733
196 175081574
196 175025736
196 175197428
196 175116709
197 175005632
197 175187614
198 175125700
198 175049618
198 175153709
198 175177980
198 175192256
198 175151915
198 175163905
198 175186039
199 175133108
199 175084186
200 175057327
201 175106028
201 175005993
201 175180031
201 175186393
202 175114203
202 175045104
202 175031482
202 175131269
202 175043486
203 175066738
203 175077382
203 175027983
204 175054597
204 175116486
204 175091491
204 175170665
204 175199357
205 175078504
205 175019248
205 175037257
205 175006519
206 175039602
206 175111528
206 175023430
207 175022032
207 175155710
207 175053341
207 175134514
208 175183238
208 175126022
208 175102200
208 175150871
208 175018694
209 175177991
209 175193031
209 175066552
209 175051233
209 175051624
209 175056711
210 175055667
210 175184414
210 175191096
210 175195829
210 175120550
210 175140483
210 175067709
210 175172718
211 175119482
211 175189719
212 175001371
212 175119455
213 175029138
213 175198416
213 175154588
213 175174037
214 175132694
214 175038690
214 175123129
214 175194986
214 175095582
214 175133187
214 175086393
214 175185633
214 175030721
214 175184593
214 175170461
215 175028002
215 175048583
215 175112809
216 175058106
216 175103196
216 175012724
217 175179532
217 175116436
218 174124397
219 175039184
219 175163477
220 175076500
220 175146491
220 175120120
221 175194610
221 175150308
221 175139989
221 175197843
221 175025397
222 175116294
222 175172260
222 175192610
222 175007668
223 174016625
224 174016580
225 175049170
225 175175442
226 174089560
227 175189113
227 175072823
227 175114010
227 175034363
227 175164920
227 175030248
227 175020235
228 174159688
229 174096102
230 174023784
231 174187539
232 175168830
233 175093768
233 175100335
234 175162236
234 175153668
234 175091581
234 175188082
235 175062722
235 175148719
235 175107034
236 175015615
236 175187799
237 175009656
237 175018869
237 175130565
237 175085347
238 175065494
238 175118754
238 175108193
238 175086829
239 175037149
239 175024516
239 175164392
239 175154000
240 175005249
240 175026411
240 175052898
240 175057258
240 175150865
240 175002609
241 175093039
241 175198812
241 175045437
242 175074092
242 175111539
242 175090248
243 174006294
244 175065764
244 175192851
244 175057076
245 175155149
245 175006434
246 175050271
246 175196802
246 175073381
246 175014601
247 175170511
247 175154899
248 175134546
248 175160436
248 175035195
248 175162110
249 174053320
250 174056729
251 175113967
251 175080663
251 175043185
252 175052998
252 175184625
252 175087381
253 175149884
253 175157311
253 175065542
254 175181033
254 175121481
254 175009930
255 175123757
255 175095853
255 175085011
255 175131964
256 175021257
256 175179891
256 175185352
257 175151128
257 175087348
258 175015812
259 175151059
259 175175356
259 175049902
260 175027126
260 175065881
260 175168145
260 175171395
261 175174465
261 175044956
262 175028538
262 175141393
262 175046294
262 175133796
263 174023912
264 175122232
264 175118827
264 175111941
265 175056457
265 175089257
265 175115152
265 175183834
266 175015573
266 175113388
266 175017180
267 175125845
267 175003842
267 175191240
267 175193952
267 175175606
268 175040131
268 175127978
268 175048913
268 175177788
268 175010634
268 175164267
268 175002656
269 175064890
269 175112156
269 175119765
270 175131250
270 175065223
270 175031321
270 175087056
271 175167807
271 175053010
272 175075993
272 175162873
272 175136628
272 175121380
273 175113961
273 175127376
273 175127954
273 175046264
273 175023554
273 175054814
273 175074085
273 175150558
273 175183886
274 175168409
274 175190585
274 175074100
274 175047418
275 175079335
275 175147871
275 175061704
275 175172711
276 175154606
276 175066983
277 175039331
277 175088403
277 175151962
277 175196916
278 175197711
278 175199181
278 175050019
279 175151015
279 175059057
279 175197347
280 175074223
280 175070038
280 175000081
280 175124888
280 175117933
280 175133517
280 175065888
280 175067040
280 175144604
280 175193842
281 175125694
281 175126235
281 175049412
282 175019217
282 175049057
282 175132716
282 175180864
282 175085936
282 175092848
282 175085459
282 175060560
282 175080391
283 175032368
284 175163635
285 175015203
285 175081219
285 175121915
285 175194051
285 175008791
285 175114374
286 175199696
286 175161062
286 175061043
286 175024342
287 175009804
287 175027971
287 175189211
288 175198716
288 175022696
288 175006755
288 175093303
288 175198695
288 175159385
288 175055605
289 175061733
289 175181903
290 175093053
290 175156411
290 175161867
290 175188391
290 175055873
290 175168407
290 175058238
291 175093072
292 175051923
292 175007354
292 175015321
292 175150094
293 175140877
293 175163112
293 175171830
293 175025437
294 175037531
294 175157133
294 175008340
295 174108953
296 175120158
296 175032786
296 175145334
297 175076550
297 175153411
297 175169802
297 175018304
297 175182508
297 175177112
297 175006399
297 175027856
297 175081122
297 175036161
298 175119356
298 175102556
298 175035658
298 175068434
298 175110393
299 175082322
299 175172819
299 175044132
299 175143292
300 175124235
300 175079468
300 175001872
300 175079577
300 175128233
300 175107351
300 175153041
300 175088630
300 175108494
301 175024974
301 175113546
301 175192059
301 175188635
301 175078282
302 175194513
302 175159267
302 175196062
303 175121808
303 175193534
303 175046170
303 175082192
303 175186721
303 175004431
303 175134739
303 175120296
303 175121483
303 175198135
304 175036029
305 174168440
306 175067051
307 174042245
308 175154168
308 175038144
308 175061189
308 175021839
308 175052461
308 175064975
308 175101613
309 175075229
309 175010775
309 175182485
310 175112797
310 175031872
310 175164225
310 175026924
310 175180288
310 175017545
311 174193686
312 174101000
313 175123144
313 175134970
313 175134730
314 175021152
315 174051284
316 175054817
316 175195145
316 175047490
316 175147309
317 175118778
317 175156059
317 175078480
318 175086631
318 175153549
318 175163091
318 175190252
319 175017252
319 175150665
320 174073350
321 175001973
321 175134727
321 175083439
322 174034020
323 175076997
323 175048830
324 174090530
325 175048548
325 175198437
325 175194908
325 175028405
326 175066321
326 175134872
326 175031973
327 175080194
327 175107274
327 175165681
327 175114910
328 175184413
328 175059915
328 175149921
328 175004632
329 175175782
329 175185673
329 175046530
329 175025999
329 175165388
329 175137110
330 175124464
330 175178791
330 175075986
331 175001228
331 175095228
331 175127473
332 175177318
332 175070906
332 175157799
333 175077740
333 175123506
333 175165361
333 175040763
333 175028217
333 175009937
333 175108698
333 175041111
334 175197059
334 175120999
334 175037441
334 175196336
335 175143160
335 175079403
335 175169743
336 175019129
336 175045075
336 175056289
337 175118605
337 175075973
338 175083567
338 175185719
338 175139571
338 175062755
338 175167017
339 175141584
339 175012827
339 175167609
339 175152779
340 174039925
340 174140874
341 174194040
342 175135042
342 175068534
342 175043758
342 175074279
342 175182959
342 175057465
342 175129967
343 175040948
343 175047177
343 175034868
343 175074914
344 175151925
344 175001769
344 175047360
344 175037104
345 175035479
345 175034029
345 175198690
345 175152922
345 175158142
346 175158221
346 175085374
347 175097776
347 175003468
347 175078493
347 175127600
347 175170929
348 175179325
348 175065156
348 175037108
349 175054947
349 175016351
349 175036241
349 175038972
349 175130021
350 175147702
351 175045531
351 175026448
351 175170102
352 175044442
353 175073114
354 175079761
354 175043297
354 175146495
354 175153864
354 175180995
354 175188468
355 175090746
356 175011411
357 175082572
357 175141015
358 175194564
358 175109757
358 175022754
358 175081092
358 175180006
358 175021996
358 175036449
359 175105306
360 175005771
360 175117802
360 175028733
361 175170904
361 175029605
361 175034303
362 175033123
362 175115382
362 175192418
363 175067584
363 175017192
363 175034100
364 175126917
364 175049804
364 175169025
364 175139740
364 175183640
364 175123117
365 175062293
365 175063212
365 175007538
366 175188226
366 175190054
366 175022857
366 175169019
367 175043424
367 175084597
367 175141844
368 175123161
368 175098610
369 175075217
369 175157719
370 175090474
370 175176696
371 175104566
371 175140562
372 175167393
372 175180152
372 175146909
372 175048845
373 175020814
374 175168330
374 175046316
374 175102078
374 175029148
375 175145354
375 175182341
375 175132855
375 175156050
376 175128888
376 175164941
376 175107900
377 175148812
377 175172145
377 175078760
378 175161447
379 175119512
379 175036565
379 175125462
379 175017255
380 175007786
381 175007552
381 175097623
381 175157622
381 175046398
381 175147817
382 175028407
382 175162510
382 175118406
383 175197918
383 175179347
383 175168211
384 175015281
385 175197677
385 175015216
386 175023120
386 175119416
387 175069261
387 175135489
387 175189152
387 175061019
388 175076590
388 175147606
389 175094628
389 175045291
389 175082758
390 175049702
390 175060817
390 175117706
391 175040850
391 175162152
391 175174156
391 175198016
392 175074440
393 175192995
394 175056310
395 175038756
395 175060587
395 175097092
396 175026820
396 175088159
396 175090234
396 175182928
396 175192750
397 175114197
397 175139505
397 175181740
398 175085167
399 175113775
399 175025078
400 174137663
401 175190945
401 175143712
401 175077333
401 175042134
402 175079439
402 175119711
402 175081332
403 175096659
403 175188471
404 175159420
404 175060490
404 175164768
404 175052819
404 175176269
405 174139121
406 175099533
406 175141327
406 175075428
406 175006606
406 175036604
407 175195043
407 175118377
407 175139888
407 175156750
408 175188158
408 175146470
408 175037536
409 175141410
409 175178577
409 175027964
410 175041472
410 175164882
410 175140438
410 175051447
411 175126126
411 175184072
411 175189478
411 175077919
412 175078134
412 175158962
412 175026331
413 175106927
413 175057564
413 175102419
413 175096132
413 175061253
414 175132824
414 175009890
414 175037573
415 175013524
415 175148428
415 175055361
415 175032651
416 175176116
416 175127149
416 175157582
417 175017104
417 175033499
417 175098178
417 175003985
418 175147879
418 175160327
418 175070429
418 175149242
418 175113531
419 175073529
419 175115007
419 175124918
419 175182217
419 175195614
420 175093013
420 175176838
420 175061196
421 175067827
421 175073382
421 175187139
422 175189448
422 175194396
422 175000468
422 175033631
423 175082525
423 175027542
423 175001153
424 175179102
424 175193512
424 175164662
425 175165154
426 175012096
427 175127812
428 175186815
428 175129011
428 175191561
428 175122264
429 175062914
429 175123175
430 175065777
430 175012869
431 175091859
431 175101897
432 175114483
432 175073393
432 175120944
432 175089605
433 175120464
433 175014981
433 175090086
434 175044879
434 175174660
434 175015396
434 175012683
434 175179492
434 175159568
434 175122612
435 175018941
435 175096252
435 175112460
435 175163278
435 175164828
435 175141240
435 175097618
435 175110479
435 175121191
435 175162276
435 175106151
436 175127112
436 175003367
436 175136749
436 175016496
436 175009152
436 175033197
437 175102916
437 175016102
437 175040548
437 175151649
438 175151883
438 175050172
438 175112808
439 175124722
439 175029414
439 175019108
440 175114535
440 175036718
440 175083962
440 175087358
441 175073045
441 175057986
441 175166821
442 175115161
442 175132273
442 175080101
442 175197722
443 175088625
443 175165110
443 175006723
444 175178352
444 175014752
444 175035150
444 175128379
444 175025763
445 175109289
445 175190001
445 175051084
446 175170021
446 175169665
447 175111268
447 175115283
448 175026481
448 175045428
448 175007893
449 175166873
449 175190504
450 175163165
450 175088890
451 175087747
451 175130817
451 175061617
451 175155635
452 175034268
453 175155242
453 175183457
453 175189595
454 175117386
454 175010849
454 175189180
455 175139635
455 175119829
456 175047279
457 175016004
457 175043726
458 174007740
459 175051538
459 175188719
460 175045752
460 175131629
460 175187156
460 175115844
461 175180778
461 175108591
461 175033416
462 175092393
462 175085222
462 175067582
463 174120844
464 174186090
465 174059033
466 174195185
467 174165440
468 174026442
469 174080000
470 175096989
470 175064539
471 175046740
471 175010819
471 175103024
471 175033620
472 174018581
472 174068494
473 174138864
474 174142988
475 174151947
476 174078359
477 174150938
478 174041669
479 174180289
480 175115571
481 174062956
482 175164200
482 175137883
483 175064611
484 174027744
485 174135727
486 174131364
487 174065442
488 175095330
489 174091277
490 175190435
491 175163320
491 175177144
491 175134173
491 175081568
491 175184547
491 175120540
492 175110284
493 175183533
493 175045368
493 175154800
494 175144977
494 175057722
495 175119116
496 175186246
497 175086395
498 174014490
499 174059595
500 174084364
501 174060662
502 175070898
502 175017095
503 175050003
504 174149302
505 174190039
506 174045992
507 175084235
508 174188749
509 174077364
510 175021822
511 175067504
512 174152049
513 174116107
514 175129280
515 175145872
516 175175092
516 175079078
516 175144637
516 175089497
517 175082483
518 174005578
519 174151516
520 174019371
521 174145415
522 174103001
523 174175736
524 174124401
525 174011612
526 174152316
527 174081417
528 174169559
529 174183878
530 174175813
531 174027714
532 174150313
533 174190247
534 174034639
535 174002586
535 174150027
536 174035447
536 174039432
536 174053511
537 174037452
538 174130743
539 174118962
540 174176268
541 174116919
542 174196209
543 174198315
544 174174014
545 174106482
546 174028229
547 174057359
548 174030018
549 174123848
550 174126675
551 174185761
552 174115570
553 174063001
554 174047558
555 174151275
556 174144241
557 174097157
558 174152079
559 174079511
560 174183247
561 174006858
562 174048558
563 174143062
564 174041924
565 174158705
566 174199223
567 174143657
568 174017089
569 174012481
570 174066861
571 174162707
572 174162181
573 174152610
574 174038306
575 174017483
576 174177628
577 174042188
578 174167588
579 174146730
580 174172731
581 174127201
581 174191785
582 174068538
583 174148087
584 174147501
585 174006983
586 174061497
587 174033652
588 174060165
588 174012170
589 174075485
590 174195791
591 174088002
592 174124016
593 174067329
594 174114777
595 174110374
596 174149890
597 174160788
598 174142268
599 174068379
600 174040906
601 174089664
602 174070971
603 174190696
604 174195709
605 174017721
606 175000171
606 175058515
607 174041738
608 174076852
609 174194887
610 174044854
611 174172687
612 174020125
613 174075969
614 174045620
615 174188832
616 174111450
617 174009509
618 174133124
619 174168803
620 175069420
621 175049682
622 175120759
623 174163914
624 174192659
625 174026836
626 174055462
627 174114128
628 174017512
629 174047699
630 174122906
631 174037456
632 175129552
633 174053443
634 174158110
635 175034117
636 175011027
637 174032258
638 174103643
639 174162818
640 174021382
641 174080522
642 175042501
643 175029844
644 175133804
644 175180309
644 175192795
644 175193471
644 175196035
645 175152412
646 174179213
647 174008799
648 174172988
649 175182696
650 175132919
651 174156076
652 175143178
653 174026057
654 175152390
655 175111480
656 174181649
657 174151371
658 174113975
659 175102247
660 174148172
660 174015288
661 174130699
662 174170705
663 174192692
664 175039288
665 175011328
666 174009303
667 175170310
668 174064097
669 174146241
669 174100518
670 174088985
671 174109782
672 174024851
673 175028916
674 175160404
675 174081608
676 175122234
677 174166658
678 174193351
679 174128831
680 175127713
681 174163849
682 174073441
683 174175163
684 174052246
685 174169314
686 174060346
687 174068008
688 174093183
689 174129429
690 175189685
691 174025096
692 174176234
693 174003938
694 174144895
694 174024391
695 174067855
696 174044331
697 175145616
698 174178653
699 174182053
700 175184375
701 174149314
701 174102171
702 175136711
703 174170146
704 175114156
705 174102542
706 175036703
707 175051789
708 174175834
709 175130049
710 175074005
711 175152399
712 175090058
713 175193826
714 175072404
715 174158600
716 175077086
717 175002045
717 175169965
717 175143972
718 175012785
719 175014269
720 175063905
721 175078805
722 175130155
723 175100354
724 175090905
725 175145225
726 175161184
727 175047822
728 175154265
729 174040749
730 175079886
731 175134373
732 175083006
733 175090243
734 175069946
735 175106281
735 175106484
735 175118346
736 175048740
737 175151049
738 175060465
739 175187600
740 175137473
741 175111595
742 174125664
743 175173176
744 175118209
745 174168798
746 175098107
747 175066835
748 175111707
749 175103561
750 175143962
751 175023179
752 175015595
753 175086847
754 175176758
755 175197681
756 175036833
757 175112791
758 174080986
759 175108598
760 175147442
761 175191750
762 175067041
763 175073333
764 175090505
765 175175484
766 175050639
767 175180116
768 175075028
769 175142828
770 175126242
771 175018351
772 175079783
773 175154234
774 175010829
775 175179749
776 175029543
777 175103982
778 175128132
779 175171386
780 175105619
781 175065285
782 175194169
783 175162357
784 175083300
785 175107372
786 174056824
787 174188148
788 175064564
789 175052644
790 174067610
791 175108888
792 175173002
793 175052671
794 175002736
795 175117001
796 175087394
797 174057304
798 175084074
799 174119027
800 175070474
801 175114137
802 175182435
803 175097315
804 175042672
805 175155327
806 175068301
807 175158887
808 175152304
809 175160416
810 175007343
811 175130241
812 175008032
813 174025056
814 175085148
815 175095496
816 175099047
817 175043052
818 175128361
819 175019408
820 175046236
821 175004790
822 175021385
823 175078951
824 175183107
825 175194504
826 175147350
827 175060039
828 175097449
829 175096532
829 175115730
830 175107297
831 175024685
832 175144701
833 174128307
834 175040017
835 175120196
836 175110673
837 175051182
838 175127142
839 175154760
840 175156624
841 175093572
842 175144388
843 175193272
844 175049341
845 174085462
846 175013966
847 175092230
848 175115013
849 175163225
850 175084452
851 175194209
852 175111946
853 175024957
854 175122998
855 175198883
856 175120214
857 175017849
858 175088014
859 175097994
860 175063415
861 175042514
862 175170688
863 175009471
864 175060751
865 175195152
866 175105468
867 175165714
868 174143909
869 175058641
870 175104677
871 175028782
872 175171651
873 175192239
874 174085738
875 174079631
876 174135034
877 173069714
878 173123291
878 173066611
879 173156743
879 173075339
879 173007234
880 173184772
880 173146811
880 173116205
881 173131922
881 173111125
882 173102692
882 173098827
882 173088083
883 173193041
883 173134100
883 173120840
884 173183900
884 173094129
884 173052294
885 173170915
885 173004680
886 173050665
886 173154671
886 173122615
887 173029920
887 173164181
888 173057225
888 173036493
889 173095356
889 173117804
889 173196980
890 173054086
891 173089781
891 173090487
892 173145033
892 173069485
893 173029737
893 173076995
893 173112354
894 175163307
894 175061176
894 175154616
895 173130600
895 173199204
896 173010917
896 173130883
896 173049013
897 173042357
897 173029809
897 173088457
898 173068926
898 173154672
898 173060168
899 173133939
899 173185435
900 173032717
901 173195972
901 173000562
901 173092990
902 173064066
902 173013224
902 173011266
903 173000640
903 173051906
903 173158768
904 173093218
904 173091892
904 173061564
905 173139028
905 173071798
906 173119312
906 173049498
906 173141541
907 173002880
907 173037309
907 173003633
908 173151515
908 173061215
908 173152874
909 173067488
909 173046820
909 173019054
910 173015447
910 173190146
910 173020897
911 173184337
911 173152394
912 173040529
912 173092636
913 173174665
913 173162325
914 173168123
914 173181977
915 173032069
915 173034620
915 173118444
916 173165384
916 173067459
917 173167563
917 173040851
918 173195702
919 173039853
919 173018057
920 173074420
920 173140951
920 173072738
921 173115472
921 173143313
921 173154450
922 173149157
922 173147310
923 173161171
923 173057590
924 173010986
924 173198136
925 173137160
925 173007610
925 173104275
926 173034043
926 173197047
927 173054973
927 173131772
927 173129372
928 173116387
928 173180247
929 173084795
929 173073229
929 173167093
930 173104527
930 173044491
930 173191155
931 173067100
931 173139970
931 173066879
932 173088550
932 173174542
932 173171015
933 173093814
933 173041055
934 175111656
935 173177602
935 173190053
936 173174103
936 173108495
936 173052994
937 173070304
937 173116916
937 173043030
938 173034403
939 174011243
940 175025493
941 173088146
941 173139448
941 173153113
942 173054856
942 173183506
943 175151089
943 175097976
943 175053179
943 175135712
944 173049856
944 173044299
944 173170507
945 173011854
945 173164106
945 173025550
946 173068489
946 173071157
946 173042161
946 173144881
946 173133417
946 173009492
947 173180200
947 173075686
948 173131488
948 173134043
949 175054698
950 173018064
950 173175566
951 173102410
951 173143896
952 173048631
952 173034938
952 173057220
953 173074355
953 173131176
954 173172133
954 173022929
954 173127697
955 173020623
955 173110752
956 173020016
957 175061669
958 173142231
958 173080766
958 173185917
959 173116634
959 173001760
960 175063671
961 175066624
961 175157175
961 175095524
961 175179818
962 173001426
962 173070827
962 173084683
963 173012309
963 173077850
964 173121043
964 173161132
965 173125398
965 173195481
966 173010967
966 173143334
966 173146376
967 173026421
967 173168458
967 173033815
968 173138635
968 173057830
968 173026218
969 173099601
969 173155672
969 173061364
970 175074412
970 175182543
970 175144509
970 175108037
970 175114480
971 173160848
971 173034732
971 173056313
972 173098778
972 173068068
972 173155680
973 173111429
973 173073928
973 173109277
974 173031677
975 173161875
975 173100844
975 173020886
976 173181038
976 173099842
977 173123480
977 173147972
977 173165257
978 175147655
979 173128484
979 173130674
979 173165261
980 173025531
980 173111531
980 173096059
981 173077652
981 173044206
981 173124420
982 173025897
982 173056446
983 173165698
983 173066704
984 173108032
984 173145396
984 173124944
985 173146321
985 173004384
986 173016122
986 173146951
986 173171307
987 175014058
987 175176911
987 175091408
987 175154790
987 175001115
988 173073747
988 173100405
988 173015914
989 173100107
989 173075978
989 173105864
990 173048651
990 173112850
990 173070560
991 175020315
991 175158196
991 175073557
992 175163969
992 175028606
992 175002825
993 175035721
994 173075080
994 173010771
994 173185665
995 173020204
995 173123064
996 173149673
996 173190560
997 173052368
997 173038034
998 175029244
999 173082202
999 173019059
1000 173091764
1000 173105201
1001 175166553
1001 175116516
1001 175071488
1001 175074101
1001 175172407
1001 175023493
1001 175154215
1002 173088952
1002 173160988
1002 173193986
1003 173184906
1004 175060705
1004 175048177
1005 173014287
1005 173153946
1006 173025197
1006 173102577
1006 173096690
1007 175135677
1008 173147179
1009 173100750
1009 173108024
1009 173096547
1010 173103026
1010 173157227
1010 173110186
1011 175195942
1011 175095126
1011 175089855
1012 173040829
1012 173064790
1012 173182327
1013 173031848
1013 173045153
1014 173100359
1014 173056134
1015 173128127
1015 173031165
1016 173075386
1016 173084352
1016 173180977
1017 173023369
1017 173172482
1017 173125468
1018 173138202
1018 173074900
1018 173090136
1019 173159310
1020 173173212
1020 173012395
1021 173167612
1021 173078226
1022 173106331
1022 173188392
1023 173028722
1023 173082553
1023 173196586
1024 173113102
1024 173108574
1024 173071511
1025 173020643
1025 173182704
1026 173162870
1026 173106659
1026 173006726
1027 173167662
1027 173138917
1027 173077084
1028 173057654
1028 173140070
1029 175096878
1029 175138993
1029 175184353
1030 175094771
1031 173017447
1031 173034717
1031 173161496
1032 173069209
1032 173098239
1032 173191908
1033 173195072
1033 173026497
1034 173043106
1034 173069772
1035 173024600
1035 173136224
1036 173069153
1036 173072869
1037 175022928
1038 173042271
1038 173009498
1039 173102851
1039 173072071
1039 173001530
1040 175024275
1041 173189785
1041 173058391
1042 173003157
1042 173181364
1043 175154843
1044 173086995
1044 173051924
1045 173107725
1045 173084945
1046 173014569
1046 173009581
1046 173139017
1046 173000367
1046 173060350
1046 173014670
1047 173189321
1047 173136810
1048 173118380
1048 173037603
1048 173035839
1049 175169943
1050 173038847
1050 173013316
1051 173138774
1051 173199401
1052 175163985
1052 175030282
1052 175161527
1053 173043278
1053 173133614
1054 173196118
1054 173035392
1054 173192444
1055 173098681
1055 173079280
1055 173156753
1056 173108912
1056 173146488
1056 173138385
1057 173158674
1057 173046910
1058 173029715
1058 173155019
1059 173158294
1059 173160356
1059 173196931
1060 173088451
1060 173073749
1060 173092322
1061 173120647
1061 173131919
1062 173175954
1062 173162660
1062 173154689
1063 173066940
1063 173057199
1064 173101706
1064 173138597
1065 173121907
1065 173094610
1066 173002769
1066 173171709
1067 173075620
1067 173168161
1067 173046389
1068 173145388
1068 173006928
1068 173050734
1069 173106772
1069 173080319
1070 173043924
1070 173080205
1070 173090992
1071 173087060
1071 173008512
1071 173069913
1072 173041536
1072 173182946
1073 173091439
1073 173077036
1074 173115621
1074 173056359
1075 175006684
1075 175068189
1076 173121848
1076 173077594
1076 173042141
1077 173109693
1077 173018795
1077 173110288
1078 173121422
1079 173090518
1080 175012484
1080 175114335
1080 175088565
1080 175063844
1081 175166131
1081 175041726
1081 175167423
1082 173007556
1083 173003037
1084 173042767
1084 173004666
1084 173049192
1085 173063217
1085 173110043
1085 173040338
1086 173197528
1086 173000484
1086 173021359
1087 173107558
1087 173095467
1087 173094766
1088 175075470
1089 173111996
1089 173067473
1090 173160716
1090 173002577
1091 173022029
1091 173122065
1091 173147948
1092 175189483
1093 173162472
1093 173152804
1094 173106445
1094 173175111
1094 173139386
1095 175112577
1096 173144159
1096 173196499
1097 175006692
1097 175001074
1097 175146766
1098 175007845
1098 175155495
1099 173114011
1100 173117586
1100 173151694
1100 173176163
1101 173068401
1102 173091102
1102 173037024
1102 173113653
1103 173115368
1103 173090255
1103 173083819
1104 173044857
1104 173173117
1105 173185389
1105 173065530
1106 173015869
1106 173031897
1107 173031780
1107 173199761
1107 173032247
1108 173029223
1108 173143953
1108 173081017
1109 173133446
1109 173126149
1109 173175182
1110 173037332
1111 173114279
1111 173100017
1111 173026566
1112 173040356
1112 173090351
1113 173142213
1113 173062940
1113 173102797
1114 173034155
1114 173015406
1114 173119615
1115 173069611
1115 173188074
1116 173126021
1117 175090854
1118 173121573
1118 173114245
1118 173051603
1119 173137223
1119 173156005
1119 173028684
1120 173017877
1120 173038905
1121 173147272
1121 173073104
1121 173020560
1122 173110938
1122 173076369
1123 173029350
1124 175150873
1124 175084147
1124 175045398
1124 175130985
1125 173092760
1125 173034564
1125 173090819
1126 173054640
1126 173072254
1126 173156490
1127 173057555
1127 173069417
1128 173119714
1129 175124557
1129 175044007
1130 173065755
1131 173049571
1132 173017233
1132 173123682
1132 173053687
1133 173142238
1133 173084750
1134 173196497
1134 173035588
1134 173131774
1135 173113979
1135 173086804
1135 173095151
1136 173122061
1136 173124930
1136 173185320
1137 175180199
1138 173003168
1138 173075877
1139 173118730
1140 175151741
1141 173014652
1141 173181335
1141 173132797
1142 173164270
1143 173176458
1143 173016679
1144 173043538
1144 173028250
1145 173013318
1146 173156534
1146 173158242
1146 173073662
1147 173046075
1147 173195288
1147 173037932
1148 173137245
1148 173104243
1149 173004232
1149 173128918
1150 173084460
1150 173007334
1151 173028940
1152 173182348
1152 173049580
1153 173012611
1153 173079633
1153 173196743
1154 173032509
1154 173047905
1155 173049154
1155 173147056
1156 173131517
1156 173163206
1156 173091830
1157 173092383
1157 173026935
1157 173033478
1158 173119076
1158 173191337
1159 173048172
1159 173093780
1159 173170081
1160 173121729
1160 173180800
1161 175172288
1162 173033824
1162 173189411
1163 173001357
1164 173106198
1164 173170780
1165 173146576
1165 173096870
1166 173133088
1166 173052206
1167 173117301
1167 173035681
1167 173198992
1168 173158697
1168 173111687
1168 173050200
1169 173121339
1169 173069215
1169 173013506
1170 173066834
1171 173126453
1171 173127721
1171 173044971
1172 173075368
1172 173120659
1172 173086473
1173 173183953
1173 173044381
1173 173081698
1174 173024292
1174 173058304
1174 173190647
1175 173083869
1175 173161509
1175 173067507
1175 173042459
1176 173086020
1176 173000683
1176 173171198
1177 173088786
1177 173001352
1177 173172003
1178 173008382
1178 173184029
1179 173107117
1179 173028324
1179 173198985
1180 173182495
1180 173099903
1181 173165242
1181 173020175
1182 175078914
1183 173156554
1184 173012444
1184 173007252
1184 173103975
1185 173143218
1185 173148447
1185 173027263
1186 173021368
1186 173042803
1186 173143736
1187 173105132
1187 173012906
1187 173135143
1188 173060780
1188 173050607
1188 173166488
1189 173059053
1189 173199249
1189 173155097
1190 173016829
1190 173163604
1191 173064727
1191 173122316
1191 173198658
1192 173100524
1192 173096875
1192 173163234
1193 173045771
1193 173166866
1194 173079259
1195 173149974
1195 173176482
1195 173055428
1196 173197749
1196 173091693
1197 175138449
1198 173159549
1198 173126071
1199 173133926
1199 173157738
1199 173107743
1200 173186496
1200 173127587
1201 173147756
1201 173062549
1202 173025865
1202 173073930
1202 173150656
1203 173005584
1203 173035180
1204 173014116
1204 173097480
1204 173098810
1205 173083405
1205 173141466
1205 173047143
1206 173045813
1206 173163607
1207 173193635
1207 173081553
1207 173072131
1208 173097512
1208 173074491
1208 173118810
1209 173188475
1209 173165519
1209 173197369
1210 173105784
1210 173070623
1210 173168666
1211 173000946
1211 173190221
1211 173070627
1212 173056825
1212 173092550
1212 173183890
1213 173018665
1213 173028996
1213 173193093
1214 173046324
1214 173057096
1214 173036764
1215 175084623
1215 175105807
1215 175114657
1215 175155028
1216 173017523
1216 173017938
1216 173098597
1217 173103255
1218 173166208
1218 173045825
1218 173055560
1218 173146607
1218 173022129
1219 173041517
1219 173106461
1220 173024490
1221 175179703
1221 175198119
1222 173166922
1222 173056622
1222 173114925
1223 173027053
1223 173182931
1223 173080946
1224 173172904
1224 173150461
1225 173174710
1225 173064546
1225 173076139
1226 173071737
1226 173004361
1226 173075395
1227 173111077
1227 173178473
1228 173017611
1228 173095667
1229 173010482
1229 173185582
1229 173118159
1230 173198699
1230 173086680
1230 173199490
1231 173068577
1231 173118072
1232 173058768
1232 173158323
1232 173162730
1233 173020271
1234 173100289
1234 173144337
1234 173003831
1235 173198381
1235 173143126
1236 173017361
1236 173150134
1236 173113096
1237 173047383
1237 173126499
1237 173004634
1238 173021245
1238 173186296
1238 173050869
1239 173140303
1240 173010768
1241 175084962
1241 175003226
1242 173108061
1242 173138094
1243 173073404
1243 173002514
1243 173135000
1244 173030731
1244 173072737
1244 173015989
1245 173047062
1246 173018243
1246 173198921
1246 173091488
1247 173073673
1247 173128824
1248 173061744
1248 173045740
1249 173006797
1250 173132721
1250 173143533
1251 173137470
1251 173075114
1251 173167181
1252 173044702
1252 173074029
1252 173035852
1253 173087637
1253 173127690
1253 173119734
1254 175046959
1254 175048682
1254 175133434
1254 175037830
1255 173081292
1255 173114451
1255 173110471
1256 173126139
1256 173180016
1256 173093238
1257 173186084
1257 173078704
1257 173017065
1258 173127573
1258 173082951
1259 173125311
1260 173108481
1260 173024175
1260 173126181
1261 173141237
1261 173082508
1261 173056657
1262 173127444
1262 173074343
1263 173176901
1263 173138067
1263 173008033
1264 173143882
1265 173109400
1265 173009322
1265 173102543
1266 173108053
1266 173118884
1267 173140579
1267 173094845
1268 173054432
1268 173002413
1269 173194061
1269 173192546
1269 173109567
1270 173170824
1270 173083944
1270 173003725
1271 173144221
1271 173138651
1271 173169875
1272 173111296
1272 173154458
1272 173078625
1273 173169434
1273 173074641
1274 173133530
1274 173064703
1274 173037670
1275 173039392
1275 173017332
1276 173181731
1277 173195163
1277 173017212
1277 173129889
1278 175113435
1279 173088553
1279 173187885
1280 173111433
1280 173170440
1281 173183027
1281 173047752
1281 173087464
1282 173069703
1282 173067348
1282 173055546
1283 175003161
1284 173092895
1284 173192930
1285 173065192
1285 173004219
1285 173035848
1286 173073678
1286 173123755
1286 173187882
1287 173060417
1288 175058947
1289 173089748
1289 173085529
1290 173185307
1290 173025567
1291 173098999
1291 173185094
1291 173041994
1292 175084583
1293 173065388
1293 173166373
1293 173084951
1294 173127625
1294 173107775
1295 173051795
1295 173027836
1296 173036379
1297 173181420
1297 173143842
1298 173113487
1298 173124322
1298 173081242
1299 173077013
1299 173027027
1299 173191087
1300 173123094
1300 173097071
1301 173025725
1301 173093885
1302 173065627
1302 173099225
1302 173071048
1303 173002245
1303 173095590
1303 173115627
1304 173024197
1304 173057346
1304 173053416
1305 173163201
1305 173078347
1306 173008196
1306 173022841
1306 173006752
1307 173167774
1307 173184742
1307 173034362
1308 173011413
1308 173136109
1308 173004907
1309 173170580
1309 173012368
1309 173171146
1310 173083477
1311 173040016
1311 173090259
1311 173022941
1312 173104922
1312 173018133
1312 173136291
1313 173154574
1313 173189557
1313 173026325
1314 173005309
1314 173195997
1315 173010579
1316 173170702
1316 173136241
1316 173008457
1317 173143018
1317 173160060
1317 173008376
1318 173113327
1318 173160134
1318 173055519
1319 173160489
1319 173195648
1319 173063513
1320 173138194
1320 173055882
1320 173085498
1321 173027090
1321 173184542
1322 173008292
1322 173166012
1323 173103121
1323 173075487
1324 173032975
1324 173186959
1324 173161399
1325 173027759
1325 173136667
1325 173164154
1326 173055814
1327 173033589
1327 173003976
1328 173072415
1328 173048978
1329 173081844
1329 173186603
1330 173010860
1330 173115981
1330 173061614
1331 173073854
1332 173115545
1333 173138142
1334 173004004
1334 173086840
1335 173147255
1335 173181025
1336 173096542
1336 173073377
1337 173106934
1337 173068393
1338 173085908
1338 173036022
1339 175020920
1339 175102794
1339 175086894
1339 175006717
1340 175038575
1340 175030215
1341 175121807
1341 175154048
1341 175011915
1342 175046574
1342 175087976
1342 175171408
1343 175191429
1344 175051554
1344 175181333
1344 175148547
1344 175196686
1344 175045810
1344 175035151
1344 175054894
1344 175046640
1345 175142248
1345 175154549
1345 175173815
1346 175130806
1346 175039935
1346 175126635
1346 175067617
1347 175022567
1347 175170096
1348 175019285
1348 175143640
1348 175072113
1348 175132412
1349 175052693
1349 175077656
1349 175004135
1350 175034039
1350 175167640
1351 175007804
1351 175079299
1351 175192346
1352 175101474
1352 175049612
1352 175105136
1353 175173360
1353 175114207
1353 175086369
1354 175072383
1354 175014063
1354 175032236
1354 175090947
1354 175159675
1355 175190760
1355 175162373
1355 175197065
1355 175060418
1355 175044342
1356 175059097
1356 175069805
1356 175046436
1356 175117835
1357 175101839
1357 175128729
1357 175083041
1358 175040624
1359 175157787
1359 175007623
1359 175167950
1359 175158029
1360 175116689
1360 175059507
1361 175061568
1361 175165528
1362 175088653
1362 175191416
1362 175050318
1363 175108729
1363 175098466
1364 175002317
1364 175067781
1364 175104905
1365 175101887
1365 175010421
1365 175083187
1365 175116675
1366 175067505
1366 175136053
1366 175120468
1366 175125698
1367 175112813
1367 175035883
1367 175145576
1367 175046055
1367 175075262
1368 175169300
1368 175160832
1368 175101737
1369 175139078
1369 175034099
1370 175131121
1371 175076303
1372 175100204
1372 175147858
1373 175179537
1373 175004140
1373 175029269
1374 175121913
1375 175091787
1375 175149109
1376 175148893
1376 175146828
1377 175000975
1377 175149214
1377 175151526
1378 175057453
1378 175019151
1378 175015993
1378 175030788
1379 175096302
1379 175091052
1379 175176068
1379 175022295
1380 175148323
1380 175145387
1380 175103218
1380 175056019
1381 175169998
1381 175136477
1381 175001716
1382 175133645
1382 175148099
1382 175099612
1382 175039923
1383 175103307
1383 175063267
1383 175059362
1383 175013721
1384 174036319
1385 175032910
1385 175044641
1386 175120050
1387 175111017
1387 175047388
1387 175041776
1388 175043484
1388 175104374
1389 175156556
1389 175016726
1389 175030957
1390 175058096
1390 175155673
1390 175160822
1390 175105410
1391 175196606
1392 175190881
1392 175039499
1392 175066459
1393 175047723
1393 175166699
1393 175071757
1393 175132413
1393 175193270
1394 175100631
1394 175146171
1394 175058637
1394 175091714
1394 175106462
1394 175150714
1395 175071457
1395 175181340
1395 175170863
1395 175190057
1395 175039388
1396 175175358
1397 175071938
1398 175022375
1398 175081981
1398 175178604
1398 175016307
1399 175040145
1400 175059008
1400 175097246
1400 175058087
1401 175078641
1402 175127604
1403 175151154
1404 175187436
1405 175189084
1406 175027828
1407 175041878
1408 175059874
1409 175079668
1410 175127979
1411 175156890
1412 175171725
1413 175187553
1413 175032073
1414 175117009
1414 175080872
1414 175165768
1415 175027992
1416 175023256
1416 175039185
1417 175093158
1417 175132322
1417 175054694
1418 175108004
1419 175159020
1420 175187847
1421 175014592
1422 175049579
1423 175093954
1423 175087502
1424 175108990
1425 175133615
1426 175161772
1427 175188441
1428 175002909
1429 175105375
1429 175143444
1429 175165524
1430 175034002
1431 175051232
1432 175082152
1433 175094907
1433 175125993
1434 175133658
1435 175162907
1436 175178674
1437 175190910
1438 175096484
1438 175157240
1438 175058001
1438 175016616
1438 175060476
1439 175051986
1440 175097049
1441 175133674
1442 175165762
1443 175182370
1444 175005989
1444 175017756
1445 175075841
1446 175087982
1446 175039000
1447 175122110
1448 175183081
1449 175010004
1450 175020837
1451 175102844
1452 175080175
1452 175128614
1452 175017751
1453 175138985
1453 175068744
1453 175136518
1453 175174085
1453 175192849
1453 175028403
1453 175043054
1453 175197928
1453 175064141
1453 175018390
1453 175093959
1454 175141865
1455 175122640
1455 175078758
1456 175116861
1456 175121188
1456 175141819
1457 175061965
1457 175078149
1457 175122030
1457 175164726
1458 174116225
1459 175121018
1459 175195090
1459 175145377
1459 175110052
1460 175124456
1460 175143328
1461 175137328
1461 175157750
1461 175198231
1461 175062061
1462 175116644
1462 175013748
1462 175042854
1462 175148247
1462 175155118
1462 175050430
1463 175038199
1463 175006731
1463 175012882
1463 175012889
1464 175051390
1465 175166377
1465 175124500
1465 175077168
1466 175066987
1466 175130030
1466 175077589
1466 175075846
1467 175068629
1468 175001788
1468 175004648
1468 175164623
1468 175007231
1469 175023646
1470 175115294
1470 175124276
1470 175137793
1471 175067632
1471 175125036
1471 175171758
1471 175045200
1471 175041658
1472 174178557
1473 175023797
1473 175041296
1473 175100097
1474 175056637
1474 175076602
1474 175105804
1475 175166840
1475 175071441
1475 175048602
1476 175164900
1476 175144166
1476 175070645
1477 175163209
1477 175101646
1478 175031316
1479 175106857
1479 175099553
1479 175057803
1480 175116728
1480 175070457
1480 175077081
1480 175039189
1481 175082287
1481 175046930
1481 175090229
1481 175044883
1482 175179547
1482 175147248
1482 175170950
1483 175193934
1483 175109319
1484 175011341
1484 175020740
1484 175080408
1484 175196026
1485 175106877
1486 175058174
1486 175001062
1486 175002018
1486 175006040
1486 175174662
1487 175075924
1487 175159678
1488 175087820
1488 175119581
1489 175050189
1489 175019303
1490 175116957
1490 175143908
1490 175187175
1490 175178990
1491 175048718
1491 175048948
1491 175139032
1491 175048302
1491 175026808
1491 175136718
1491 175037090
1492 175064577
1492 175013654
1492 175001088
1493 175015744
1493 175108704
1493 175114169
1493 175155846
1494 175169367
1494 175016060
1494 175086101
1495 175163317
1496 175131999
1497 175190418
1498 175055813
1498 175099873
1499 175094739
1499 175122070
1499 175074730
1499 175038041
1499 175150156
1499 175003974
1499 175175655
1499 175101629
1499 175040473
1500 175080336
1500 175018176
1500 175034098
1500 175087472
1500 175092295
1501 175089282
1501 175135259
1501 175175447
1501 175177810
1502 175020304
1502 175090976
1502 175052023
1503 175029967
1503 175044584
1503 175070187
1503 175170247
1503 175089658
1504 175129500
1504 175194528
1504 175175230
1505 175194149
1505 175053158
1505 175122167
1505 175193803
1506 175039339
1506 175054322
1506 175071975
1506 175100599
1506 175136921
1506 175069873
1506 175058535
1506 175127216
1507 175020089
1507 175144192
1507 175010658
1508 175090144
1508 175083361
1508 175198669
1508 175053850
1509 175184881
1509 175078017
1509 175153007
1509 175183134
1509 175001372
1510 175054111
1510 175057656
1510 175064028
1510 175085744
1510 175190496
1511 175169149
1511 175117593
1512 175149216
1513 175177480
1513 175145436
1514 175022711
1514 175045074
1514 175104201
1514 175172700
1514 175172943
1514 175193072
1515 175180858
1516 175150339
1516 175022366
1516 175176332
1517 175095914
1517 175056642
1517 175084520
1517 175135588
1517 175140957
1517 175037245
1518 175050527
1518 175199201
1519 175190448
1519 175046601
1519 175057613
1519 175063902
1520 175083420
1520 175113045
1520 175198832
1521 175138952
1522 175142693
1522 175092119
1522 175157473
1522 175149293
1523 175158722
1524 175066753
1524 175085442
1524 175088241
1524 175166872
1525 175178039
1525 175044063
1525 175153298
1525 175115350
1526 175145070
1527 175135373
1527 175110665
1527 175141548
1528 175155441
1528 175133315
1529 175111858
1529 175176794
1530 175197773
1531 175023895
1531 175112802
1531 175127787
1532 175180843
1532 175029452
1532 175016889
1533 175073332
1533 175149187
1533 175002920
1534 175030021
1534 175098593
1535 175114143
1535 175158072
1535 175074772
1535 175000865
1535 175158326
1535 175166795
1535 175048258
1535 175087830
1536 175144239
1536 175005724
1536 175052226
1536 175145295
1536 175097298
1536 175160935
1536 175182598
1536 175058424
1537 175047493
1537 175100800
1537 175161733
1537 175191672
1538 175081503
1538 175049026
1538 175050952
1538 175165773
1538 175049882
1539 175109694
1539 175120723
1539 175074331
1540 175104979
1540 175037114
1540 175124160
1541 175193267
1541 175182228
1541 175042752
1542 175132411
1542 175196168
1542 175141560
1542 175101484
1542 175034991
1542 175042524
1543 175175377
1543 175184448
1543 175182618
1543 175082699
1543 175036351
1543 175163072
1544 175091390
1544 175193825
1544 175039417
1544 175086240
1545 175040139
1545 175022281
1546 175002294
1546 175119808
1546 175126380
1546 175019063
1547 174006131
1548 175031682
1548 175046161
1548 175075647
1548 175121536
1548 175157283
1548 175160037
1549 175180571
1549 175163817
1549 175164072
1550 175151407
1550 175036404
1550 175025801
1550 175058168
1550 175168694
1551 175051865
1551 175171058
1551 175054049
1551 175146961
1552 175136253
1552 175084733
1552 175181139
1553 175074062
1553 175125770
1553 175152886
1554 175035716
1554 175030671
1555 175133876
1555 175128954
1555 175117421
1556 175007048
1556 175022301
1557 175063516
1557 175123893
1558 175158222
1558 175145493
1558 175166080
1559 175097297
1559 175191744
1560 175170654
1560 175086007
1561 175191514
1561 175104373
1561 175172732
1562 175137760
1562 175193817
1563 175094216
1563 175000670
1563 175152717
1563 175109308
1564 175168914
1564 175047778
1564 175057992
1564 175133933
1564 175103989
1565 175001057
1565 175181294
1566 175036236
1566 175074313
1566 175196569
1566 175172199
1567 175042999
1568 175064410
1568 175159317
1568 175134406
1568 175083848
1568 175193501
1569 175189185
1569 175098057
1569 175068729
1569 175059080
1569 175090568
1570 175090878
1570 175141800
1570 175167681
1570 175192185
1571 175105970
1571 175109727
1571 175033057
1571 175034839
1572 175163319
1572 175145838
1572 175099779
1572 175045067
1572 175178622
1572 175017572
1573 175029462
1573 175098708
1573 175056699
1573 175038736
1574 175180471
1575 175034091
1575 175115912
1575 175134372
1575 175180651
1575 175103342
1576 175136229
1576 175120510
1576 175109127
1577 175078571
1577 175000214
1577 175054258
1578 174082358
1579 175149005
1579 175165719
1579 175074215
1580 175001774
1580 175036613
1580 175070061
1581 175054431
1581 175013093
1582 175108602
1582 175130658
1583 175010261
1583 175110472
1584 175000601
1584 175121045
1584 175171361
1584 175001570
1585 175055625
1585 175194266
1586 175033625
1586 175040756
1587 175109235
1587 175155291
1588 175067665
1588 175145126
1589 175019910
1590 175043717
1591 175117015
1591 175149305
1591 175116755
1591 175097434
1591 175132349
1592 175067062
1592 175052811
1592 175170336
1593 175094631
1593 175056858
1594 175184085
1595 175094606
1595 175130935
1595 175128661
1596 175003357
1596 175040465
1596 175042700
1597 175134268
1597 175164169
1597 175169723
1598 175151729
1599 175139132
1599 175035242
1599 175138248
1600 175095751
1600 175191731
1600 175163646
1600 175114250
1601 175130613
1601 175083638
1601 175017451
1601 175090955
1602 175089409
1602 175108927
1602 175161469
1602 175042004
1603 175135289
1603 175199724
1603 175173720
1603 175149525
1604 175146535
1605 175155646
1605 175112801
1605 175034360
1606 175083737
1606 175114782
1606 175026020
1607 175059908
1607 175033173
1607 175160643
1607 175038219
1608 175126205
1609 175063416
1609 175183569
1609 175188980
1609 175017776
1609 175155081
1609 175030064
1610 175145092
1610 175013204
1611 175194562
1611 175037353
1612 175004732
1612 175120094
1612 175087225
1612 175193001
1612 175108748
1612 175006127
1613 175080188
1614 175135668
1615 175076377
1616 175153381
1617 175018992
1617 175003800
1617 175044997
1617 175103867
1618 175011433
1618 175157586
1619 175084632
1619 175086821
1619 175026775
1620 174149496
1621 175177064
1622 175153756
1623 175036005
1623 175096964
1624 175089886
1624 175034676
1624 175122836
1624 175009085
1624 175171826
1625 175057617
1625 175015959
1625 175186556
1625 175194729
1626 175166269
1626 175018017
1626 175025631
1626 175117845
1627 175105578
1627 175053897
1628 175172694
1628 175058450
1628 175052728
1628 175091570
1629 175172531
1629 175064568
1629 175068062
1630 175190896
1630 175068987
1630 175185145
1631 175181123
1631 175163631
1631 175172373
1631 175155492
1632 175097853
1632 175169506
1633 175149130
1633 175056671
1633 175013098
1634 175034085
1634 175070497
1634 175029240
1634 175133634
1635 175039973
1635 175127202
1635 175193385
1636 175049279
1636 175126280
1636 175113657
1636 175000357
1637 175148933
1637 175184821
1637 175078901
1638 175037600
1639 175048904
1640 175035968
1641 175009921
1642 175004049
1643 175079189
1644 175162288
1645 175020406
1645 175082910
1645 175190550
1645 175178195
1646 175071274
1647 175031088
1648 175029860
1648 175132115
1648 175059303
1649 175130704
1649 175198227
1649 175008839
1649 175007965
1650 175036352
1651 175114379
1651 175095786
1652 175119811
1653 175075342
1654 174067112
1655 174168233
1656 174018688
1657 174172908
1658 174076252
1659 174077796
1660 174108900
1661 174121815
1662 174034007
1663 174096853
1664 175135131
1665 175019687
1666 175014280
1666 175136818
1666 175095268
1666 175087559
1666 175043307
1667 175103677
1667 175066427
1667 175117821
1667 175087294
1667 175173112
1668 175096727
1669 175150666
1670 175009840
1671 175131141
1671 175153460
1671 175193571
1671 175063614
1671 175148049
1672 175091877
1673 174164288
1674 175160451
1674 175160623
1675 175068561
1675 175035764
1676 174100696
1677 175027219
1677 175057620
1677 175189110
1678 174163192
1679 175075486
1679 175078047
1679 175098125
1679 175094168
1680 175196852
1680 175008069
1680 175062592
1680 175069024
1681 175087806
1681 175123387
1682 175036897
1683 175139612
1683 175014674
1683 175001351
1683 175130371
1684 175193916
1684 175101664
1684 175198862
1684 175126204
1684 175150695
1684 175188939
1685 175089693
1686 175188827
1687 174013021
1688 175060535
1688 175068339
1689 175154979
1690 175088361
1690 175188236
1691 175052127
1691 175020333
1692 175001041
1692 175097104
1692 175053038
1693 175151535
1693 175079319
1694 174102583
1695 175066572
1696 175186472
1697 174049316
1698 175094394
1699 175109635
1699 175133164
1699 175185265
1699 175186830
1700 175173061
1701 175180473
1702 175151589
1702 175162700
